x1,x2,x3,Y
1,31,7,0.0
32,12,13,0.0
8,14,42,0.0
62,9,4,0.0
22,53,3,0.0
1,60,34,0.0
9,44,45,0.0
43,4,52,0.0
23,63,15,0.0
8,2,93,0.0
74,22,11,0.0
4,39,65,0.0
6,29,75,0.0
66,39,15,0.0
9,0,112,0.0
73,50,1,0.0
6,19,102,0.0
81,33,14,0.0
39,71,20,0.0
65,18,50,0.0
13,42,79,0.0
89,15,37,0.0
27,73,41,0.0
23,117,3,0.0
9,8,127,0.0
43,78,24,0.0
36,7,103,0.0
43,20,87,0.0
89,23,38,0.0
41,18,96,0.0
90,17,48,0.0
4,100,51,0.0
47,8,102,0.0
32,74,51,0.0
19,125,13,0.0
136,20,1,0.0
21,107,29,0.0
0,95,64,0.0
56,100,5,0.0
1,53,108,0.0
98,48,17,0.0
81,62,20,0.0
83,19,63,0.0
12,9,144,0.0
137,16,12,0.0
14,89,65,0.0
40,80,48,0.0
54,37,78,0.0
7,43,119,0.0
23,30,118,0.0
87,1,83,0.0
99,49,24,0.0
18,136,20,0.0
67,64,45,0.0
8,4,167,0.0
24,113,42,0.0
49,89,46,0.0
77,47,60,0.0
127,16,42,0.0
109,53,24,0.0
137,33,18,0.0
77,10,101,0.0
168,13,8,0.0
101,30,60,0.0
15,162,14,0.0
54,137,3,0.0
141,43,13,0.0
57,1,139,0.0
5,41,152,0.0
75,109,14,0.0
34,104,61,0.0
38,15,147,0.0
158,43,0,0.0
44,43,115,0.0
69,63,71,0.0
29,38,142,0.0
142,13,56,0.0
58,24,130,0.0
105,48,59,0.0
10,36,167,0.0
3,170,40,0.0
74,12,128,0.0
30,68,116,0.0
115,42,58,0.0
103,42,70,0.0
49,125,41,0.0
57,12,148,0.0
94,34,89,0.0
80,10,129,0.0
20,151,49,0.0
10,47,163,0.0
57,105,61,0.0
170,18,35,0.0
63,63,98,0.0
184,9,32,0.0
17,93,116,0.0
44,120,62,0.0
27,185,16,0.0
120,91,17,1.0
32,179,18,1.0
100,30,99,0.0
45,25,162,1.0
72,117,43,1.0
78,4,151,0.0
194,7,32,1.0
109,79,45,1.0
6,95,132,0.0
43,93,98,1.0
166,51,17,0.0
185,23,26,1.0
40,148,48,1.0
130,89,22,0.0
110,86,45,0.0
158,85,0,0.0
112,25,106,0.0
102,34,107,0.0
29,107,109,0.0
75,89,81,0.0
25,88,133,0.0
48,89,110,0.0
134,78,36,0.0
22,62,165,0.0
83,128,40,1.0
121,118,16,1.0
41,123,92,1.0
96,11,149,0.0
45,86,129,0.0
99,42,120,1.0
63,51,147,1.0
96,12,154,0.0
146,8,109,0.0
49,77,137,1.0
17,66,180,0.0
142,53,68,1.0
155,47,61,1.0
130,27,107,1.0
12,97,156,0.0
8,133,125,0.0
197,40,30,1.0
92,110,68,1.0
196,45,31,2.0
62,136,74,1.0
5,107,161,0.0
123,147,3,0.0
25,147,102,0.0
167,90,17,1.0
179,47,48,0.0
152,93,29,1.0
124,35,117,1.0
149,55,73,1.0
93,101,83,1.0
161,53,63,1.0
182,11,84,0.0
142,97,38,1.0
159,107,12,1.0
71,167,41,1.0
174,70,36,1.0
38,98,145,1.0
86,147,48,1.0
88,83,111,1.0
0,154,128,0.0
106,114,62,1.0
75,90,118,1.0
30,73,180,0.0
144,92,47,1.0
3,169,111,0.0
67,114,103,1.0
90,108,87,1.0
155,88,42,1.0
95,153,38,1.0
11,125,151,0.0
178,14,95,1.0
149,40,99,1.0
77,42,169,1.0
6,138,144,0.0
42,196,50,2.0
186,12,91,1.0
197,83,12,2.0
177,98,17,1.0
190,92,11,1.0
90,97,107,1.0
52,118,125,1.0
107,35,154,1.0
27,155,116,1.0
12,104,182,0.0
119,103,77,1.0
103,43,154,1.0
107,49,145,1.0
19,88,194,0.0
178,100,24,2.0
117,13,172,1.0
151,34,118,1.0
179,70,54,2.0
20,184,100,1.0
133,133,39,1.0
57,95,154,1.0
14,113,179,0.0
80,118,109,1.0
70,123,114,1.0
18,189,101,0.0
145,83,80,1.0
155,39,115,1.0
115,165,30,1.0
113,154,44,1.0
85,76,150,1.0
72,172,67,2.0
110,164,39,1.0
92,116,108,1.0
96,102,118,1.0
122,76,118,1.0
117,116,85,1.0
27,108,184,1.0
144,63,113,1.0
64,160,96,2.0
27,123,170,1.0
184,39,97,1.0
176,107,38,2.0
124,106,91,1.0
118,44,160,1.0
127,129,67,1.0
156,95,72,1.0
197,108,22,2.0
7,185,137,1.0
171,122,36,2.0
171,120,39,2.0
140,65,125,1.0
61,112,157,1.0
74,167,89,2.0
188,133,10,1.0
83,166,82,2.0
116,45,170,2.0
48,175,108,2.0
174,91,66,1.0
189,60,82,2.0
85,122,125,1.0
16,167,149,1.0
72,137,124,1.0
39,131,164,1.0
36,173,125,2.0
66,146,123,1.0
155,15,165,1.0
116,44,175,2.0
111,56,168,1.0
21,176,138,0.0
158,133,45,1.0
123,182,33,2.0
43,103,192,1.0
77,169,92,2.0
55,131,153,2.0
174,92,74,2.0
158,8,175,0.0
29,131,182,1.0
109,92,143,1.0
39,155,151,1.0
115,111,120,1.0
34,116,196,1.0
92,152,102,2.0
179,143,26,2.0
179,58,111,1.0
130,37,182,1.0
126,133,90,1.0
143,168,39,1.0
93,197,61,2.0
153,194,5,1.0
112,135,105,1.0
145,190,18,2.0
85,135,133,1.0
162,48,145,1.0
16,152,187,0.0
140,137,79,2.0
111,63,183,2.0
156,104,97,1.0
108,84,166,1.0
86,119,153,1.0
126,172,61,2.0
196,26,137,2.0
153,163,43,1.0
101,112,147,1.0
66,178,117,2.0
178,107,76,2.0
87,89,185,2.0
128,139,94,2.0
137,99,125,1.0
185,85,91,2.0
179,42,143,1.0
50,164,150,2.0
45,122,197,1.0
83,160,121,2.0
194,93,78,2.0
178,138,49,2.0
60,146,159,2.0
168,189,13,1.0
175,78,118,2.0
165,18,189,1.0
147,66,162,1.0
172,75,128,2.0
41,135,199,2.0
138,149,89,1.0
74,136,166,2.0
103,113,163,1.0
107,194,78,2.0
177,75,129,2.0
171,181,29,2.0
68,142,172,2.0
191,72,119,2.0
168,101,116,2.0
14,175,197,0.0
114,87,185,2.0
195,149,43,2.0
193,50,146,2.0
80,170,140,2.0
143,131,117,1.0
188,134,69,2.0
185,196,10,1.0
113,117,162,2.0
3,193,197,0.0
120,127,146,2.0
122,150,122,2.0
198,20,178,1.0
196,39,163,2.0
152,107,141,2.0
77,155,168,2.0
119,198,84,2.0
193,73,136,2.0
160,117,125,2.0
166,168,68,2.0
161,102,139,2.0
194,49,160,2.0
116,197,90,2.0
189,169,46,2.0
175,170,61,2.0
146,112,151,2.0
166,44,199,1.0
21,199,190,1.0
133,123,154,2.0
113,180,120,2.0
178,84,152,2.0
125,172,118,2.0
140,193,82,2.0
58,176,182,2.0
192,104,122,2.0
191,32,195,1.0
103,157,158,2.0
124,185,111,2.0
144,137,140,2.0
179,96,148,2.0
28,198,197,1.0
133,184,108,2.0
174,190,61,2.0
195,187,43,2.0
103,180,143,2.0
163,79,185,2.0
147,160,122,2.0
192,132,109,2.0
164,81,189,2.0
158,121,155,2.0
125,149,160,2.0
106,184,144,2.0
148,180,107,2.0
122,144,169,2.0
159,142,135,2.0
111,198,128,2.0
186,149,109,2.0
157,139,149,2.0
191,141,114,2.0
173,98,177,2.0
141,109,199,2.0
184,179,87,2.0
145,182,126,2.0
156,115,184,2.0
181,182,93,2.0
185,179,92,2.0
153,195,109,2.0
133,185,140,2.0
161,180,118,2.0
185,183,92,2.0
184,93,184,2.0
110,168,184,2.0
125,175,169,2.0
133,144,195,2.0
154,132,186,2.0
114,170,190,2.0
163,174,138,2.0
163,195,121,2.0
152,140,196,2.0
190,154,147,2.0
168,177,148,2.0
186,175,133,2.0
168,156,178,2.0
113,194,195,2.0
197,145,163,2.0
167,144,196,2.0
174,163,171,2.0
200,138,174,2.0
137,186,191,2.0
121,198,196,2.0
160,200,160,2.0
198,178,150,2.0
168,179,197,2.0
190,192,177,2.0
